(1) Training set 1
    =========
x1      x2      y
0.3    0.2     -1
0.8    0.9      1
0.1    0.8     -1
0.95   0.9      1
0.9    0.4     -1
0.7    0.8      1
0.4    0.3     -1
0.2    0.85    -1
0.82   0.93     1
0.75   0.25    -1
       ====


(1) Training set 2
    =========
x1      x2      y
0.3    0.2     -1
0.8    0.9     -1
0.1    0.8      1
0.95   0.9     -1
0.9    0.4      1
0.7    0.8     -1
0.4    0.3     -1
0.2    0.85     1
0.82   0.93    -1
0.75   0.25     1
       ====